run,wsi_id,true_label,predicted_label,prob_chromophobe,prob_clearcell,prob_oncocytoma,prob_papillary
1,DHMC_0043,chromophobe,clearcell,0.006825,0.920012,0.031256,0.041907
1,DHMC_0044,chromophobe,oncocytoma,0.069758,0.02167,0.653504,0.255067
1,DHMC_0045,chromophobe,clearcell,0.024102,0.630244,0.155924,0.18973
1,DHMC_0046,chromophobe,oncocytoma,0.068062,0.009346,0.629836,0.292755
1,DHMC_0047,chromophobe,oncocytoma,0.046923,0.276996,0.418366,0.257714
1,DHMC_0052,clearcell,oncocytoma,0.027693,0.004183,0.78372,0.184404
1,DHMC_0053,clearcell,clearcell,0.000997,0.979635,0.005727,0.013641
1,DHMC_0054,clearcell,clearcell,0.001991,0.966054,0.010418,0.021537
1,DHMC_0055,clearcell,papillary,0.0397,0.110689,0.421554,0.428057
1,DHMC_0056,clearcell,clearcell,0.004707,0.941567,0.022749,0.030977
1,DHMC_0024,oncocytoma,oncocytoma,0.057339,0.176606,0.501128,0.264927
1,DHMC_0025,oncocytoma,oncocytoma,0.063638,0.096071,0.546604,0.293687
1,DHMC_0026,oncocytoma,oncocytoma,0.060229,0.223207,0.444515,0.272049
1,DHMC_0027,oncocytoma,oncocytoma,0.020113,0.006862,0.813471,0.159554
1,DHMC_0028,oncocytoma,oncocytoma,0.075781,0.138378,0.527013,0.258829
1,DHMC_0072,papillary,clearcell,0.032456,0.585882,0.181623,0.200039
1,DHMC_0073,papillary,oncocytoma,0.045241,0.310483,0.341662,0.302615
1,DHMC_0074,papillary,oncocytoma,0.134627,0.013245,0.570293,0.281835
1,DHMC_0075,papillary,oncocytoma,0.069377,0.185462,0.416256,0.328905
1,DHMC_0076,papillary,oncocytoma,0.105375,0.001524,0.513238,0.379863
2,DHMC_0043,chromophobe,clearcell,0.009693,0.887978,0.046758,0.055572
2,DHMC_0044,chromophobe,oncocytoma,0.073732,0.091835,0.563639,0.270794
2,DHMC_0045,chromophobe,clearcell,0.012749,0.793507,0.080569,0.113175
2,DHMC_0046,chromophobe,oncocytoma,0.067789,0.007343,0.639838,0.285029
2,DHMC_0047,chromophobe,oncocytoma,0.053497,0.147482,0.520625,0.278395
2,DHMC_0052,clearcell,oncocytoma,0.032648,0.010176,0.738101,0.219075
2,DHMC_0053,clearcell,clearcell,0.001903,0.960371,0.01181,0.025915
2,DHMC_0054,clearcell,clearcell,0.003131,0.952191,0.016199,0.028479
2,DHMC_0055,clearcell,papillary,0.039901,0.073817,0.43102,0.455261
2,DHMC_0056,clearcell,clearcell,0.004336,0.943804,0.021773,0.030087
2,DHMC_0024,oncocytoma,oncocytoma,0.056917,0.149283,0.527022,0.266778
2,DHMC_0025,oncocytoma,oncocytoma,0.061341,0.121216,0.552368,0.265075
2,DHMC_0026,oncocytoma,oncocytoma,0.060041,0.18125,0.478076,0.280632
2,DHMC_0027,oncocytoma,oncocytoma,0.017524,0.003889,0.837735,0.140853
2,DHMC_0028,oncocytoma,oncocytoma,0.075626,0.128916,0.534512,0.260946
2,DHMC_0072,papillary,oncocytoma,0.051806,0.232461,0.38346,0.332274
2,DHMC_0073,papillary,clearcell,0.039946,0.368321,0.29148,0.300253
2,DHMC_0074,papillary,oncocytoma,0.145673,0.016123,0.55402,0.284184
2,DHMC_0075,papillary,oncocytoma,0.066475,0.224516,0.398507,0.310501
2,DHMC_0076,papillary,oncocytoma,0.097851,0.011414,0.46417,0.426565
3,DHMC_0043,chromophobe,clearcell,0.014176,0.825488,0.075265,0.08507
3,DHMC_0044,chromophobe,oncocytoma,0.067933,0.036858,0.63101,0.264198
3,DHMC_0045,chromophobe,clearcell,0.008624,0.870576,0.047365,0.073435
3,DHMC_0046,chromophobe,oncocytoma,0.061996,0.018245,0.622789,0.29697
3,DHMC_0047,chromophobe,oncocytoma,0.047001,0.103177,0.575772,0.27405
3,DHMC_0052,clearcell,oncocytoma,0.025672,0.001853,0.792817,0.179659
3,DHMC_0053,clearcell,clearcell,0.000601,0.98809,0.003284,0.008025
3,DHMC_0054,clearcell,clearcell,0.001593,0.974936,0.007931,0.01554
3,DHMC_0055,clearcell,papillary,0.041817,0.11756,0.419564,0.42106
3,DHMC_0056,clearcell,clearcell,0.006058,0.920197,0.032197,0.041548
3,DHMC_0024,oncocytoma,oncocytoma,0.060678,0.194926,0.496877,0.247519
3,DHMC_0025,oncocytoma,oncocytoma,0.056401,0.173461,0.487653,0.282485
3,DHMC_0026,oncocytoma,oncocytoma,0.061037,0.195742,0.464023,0.279198
3,DHMC_0027,oncocytoma,oncocytoma,0.016164,0.004231,0.844422,0.135183
3,DHMC_0028,oncocytoma,oncocytoma,0.075441,0.146082,0.518891,0.259586
3,DHMC_0072,papillary,clearcell,0.045962,0.410024,0.26813,0.275884
3,DHMC_0073,papillary,oncocytoma,0.049694,0.159256,0.453578,0.337472
3,DHMC_0074,papillary,oncocytoma,0.130783,0.016763,0.578303,0.274151
3,DHMC_0075,papillary,oncocytoma,0.071237,0.164004,0.428255,0.336504
3,DHMC_0076,papillary,oncocytoma,0.103113,0.001596,0.536117,0.359174
4,DHMC_0043,chromophobe,clearcell,0.014651,0.825625,0.073139,0.086585
4,DHMC_0044,chromophobe,oncocytoma,0.072526,0.045017,0.619341,0.263117
4,DHMC_0045,chromophobe,clearcell,0.009105,0.854718,0.052841,0.083336
4,DHMC_0046,chromophobe,oncocytoma,0.066456,0.011927,0.612687,0.308931
4,DHMC_0047,chromophobe,oncocytoma,0.054258,0.15255,0.504302,0.28889
4,DHMC_0052,clearcell,oncocytoma,0.027489,0.005991,0.783836,0.182684
4,DHMC_0053,clearcell,clearcell,0.00079,0.982864,0.004659,0.011686
4,DHMC_0054,clearcell,clearcell,0.001371,0.978912,0.006697,0.01302
4,DHMC_0055,clearcell,oncocytoma,0.039735,0.061394,0.466663,0.432208
4,DHMC_0056,clearcell,clearcell,0.00524,0.935514,0.025602,0.033643
4,DHMC_0024,oncocytoma,oncocytoma,0.060024,0.181612,0.505557,0.252807
4,DHMC_0025,oncocytoma,oncocytoma,0.064944,0.078699,0.550442,0.305915
4,DHMC_0026,oncocytoma,oncocytoma,0.05627,0.285453,0.40344,0.254837
4,DHMC_0027,oncocytoma,oncocytoma,0.017591,0.005299,0.824034,0.153076
4,DHMC_0028,oncocytoma,oncocytoma,0.075549,0.14026,0.524413,0.259777
4,DHMC_0072,papillary,oncocytoma,0.051547,0.305451,0.325783,0.317218
4,DHMC_0073,papillary,oncocytoma,0.04723,0.214042,0.415603,0.323124
4,DHMC_0074,papillary,oncocytoma,0.125227,0.017388,0.583455,0.27393
4,DHMC_0075,papillary,oncocytoma,0.073074,0.159966,0.440174,0.326786
4,DHMC_0076,papillary,oncocytoma,0.109778,0.000845,0.528146,0.361231
5,DHMC_0043,chromophobe,clearcell,0.008087,0.908859,0.036832,0.046222
5,DHMC_0044,chromophobe,oncocytoma,0.070887,0.038009,0.631399,0.259705
5,DHMC_0045,chromophobe,clearcell,0.010154,0.852426,0.05778,0.07964
5,DHMC_0046,chromophobe,oncocytoma,0.066215,0.008121,0.626946,0.298718
5,DHMC_0047,chromophobe,oncocytoma,0.05281,0.162616,0.512382,0.272191
5,DHMC_0052,clearcell,oncocytoma,0.040053,0.035187,0.695349,0.229411
5,DHMC_0053,clearcell,clearcell,0.000432,0.991707,0.002175,0.005685
5,DHMC_0054,clearcell,clearcell,0.001317,0.97911,0.006434,0.013139
5,DHMC_0055,clearcell,oncocytoma,0.045846,0.059313,0.495601,0.399241
5,DHMC_0056,clearcell,clearcell,0.003385,0.956522,0.016448,0.023646
5,DHMC_0024,oncocytoma,oncocytoma,0.059267,0.176981,0.512597,0.251155
5,DHMC_0025,oncocytoma,oncocytoma,0.057464,0.164448,0.499882,0.278206
5,DHMC_0026,oncocytoma,oncocytoma,0.060479,0.183667,0.484147,0.271707
5,DHMC_0027,oncocytoma,oncocytoma,0.023816,0.013384,0.77229,0.190511
5,DHMC_0028,oncocytoma,oncocytoma,0.075493,0.126099,0.537836,0.260573
5,DHMC_0072,papillary,clearcell,0.050308,0.332548,0.313987,0.303158
5,DHMC_0073,papillary,oncocytoma,0.045965,0.282057,0.371948,0.30003
5,DHMC_0074,papillary,oncocytoma,0.136995,0.01287,0.570004,0.28013
5,DHMC_0075,papillary,oncocytoma,0.070613,0.168879,0.440374,0.320134
5,DHMC_0076,papillary,oncocytoma,0.100279,0.011273,0.474466,0.413981
6,DHMC_0043,chromophobe,clearcell,0.007602,0.911824,0.035478,0.045096
6,DHMC_0044,chromophobe,oncocytoma,0.074091,0.059905,0.600353,0.265651
6,DHMC_0045,chromophobe,clearcell,0.015988,0.743305,0.102096,0.138611
6,DHMC_0046,chromophobe,oncocytoma,0.063852,0.007762,0.619451,0.308934
6,DHMC_0047,chromophobe,oncocytoma,0.044128,0.255484,0.452476,0.247913
6,DHMC_0052,clearcell,oncocytoma,0.028867,0.00795,0.770284,0.1929
6,DHMC_0053,clearcell,clearcell,0.000688,0.985987,0.003828,0.009497
6,DHMC_0054,clearcell,clearcell,0.001044,0.983285,0.005058,0.010613
6,DHMC_0055,clearcell,papillary,0.04014,0.046239,0.45458,0.459041
6,DHMC_0056,clearcell,clearcell,0.007057,0.910896,0.036298,0.04575
6,DHMC_0024,oncocytoma,oncocytoma,0.057691,0.176714,0.514311,0.251284
6,DHMC_0025,oncocytoma,oncocytoma,0.064407,0.113297,0.535882,0.286415
6,DHMC_0026,oncocytoma,oncocytoma,0.056207,0.233336,0.43979,0.270667
6,DHMC_0027,oncocytoma,oncocytoma,0.016506,0.003215,0.840412,0.139866
6,DHMC_0028,oncocytoma,oncocytoma,0.076026,0.139299,0.523332,0.261343
6,DHMC_0072,papillary,oncocytoma,0.061546,0.103807,0.478664,0.355984
6,DHMC_0073,papillary,oncocytoma,0.046235,0.31872,0.349068,0.285977
6,DHMC_0074,papillary,oncocytoma,0.132079,0.009216,0.591276,0.267429
6,DHMC_0075,papillary,oncocytoma,0.078038,0.160445,0.434407,0.32711
6,DHMC_0076,papillary,oncocytoma,0.103636,0.008117,0.478956,0.409292
7,DHMC_0043,chromophobe,clearcell,0.01491,0.836505,0.07211,0.076475
7,DHMC_0044,chromophobe,oncocytoma,0.072512,0.029563,0.657989,0.239936
7,DHMC_0045,chromophobe,clearcell,0.01536,0.766495,0.094503,0.123642
7,DHMC_0046,chromophobe,oncocytoma,0.066737,0.005958,0.627138,0.300167
7,DHMC_0047,chromophobe,oncocytoma,0.050368,0.113732,0.561851,0.274049
7,DHMC_0052,clearcell,oncocytoma,0.029217,0.004202,0.7648,0.201781
7,DHMC_0053,clearcell,clearcell,0.001231,0.974634,0.007438,0.016698
7,DHMC_0054,clearcell,clearcell,0.002086,0.966154,0.010964,0.020796
7,DHMC_0055,clearcell,oncocytoma,0.033953,0.011446,0.544133,0.410467
7,DHMC_0056,clearcell,clearcell,0.003531,0.95839,0.016022,0.022058
7,DHMC_0024,oncocytoma,oncocytoma,0.06197,0.115624,0.559092,0.263315
7,DHMC_0025,oncocytoma,oncocytoma,0.061,0.203027,0.478378,0.257595
7,DHMC_0026,oncocytoma,oncocytoma,0.062833,0.158739,0.508591,0.269836
7,DHMC_0027,oncocytoma,oncocytoma,0.027482,0.016541,0.755868,0.200109
7,DHMC_0028,oncocytoma,oncocytoma,0.075374,0.1367,0.527627,0.260299
7,DHMC_0072,papillary,oncocytoma,0.053048,0.258405,0.356972,0.331575
7,DHMC_0073,papillary,clearcell,0.045558,0.326493,0.325637,0.302312
7,DHMC_0074,papillary,oncocytoma,0.137612,0.008923,0.584628,0.268838
7,DHMC_0075,papillary,oncocytoma,0.069496,0.149646,0.446447,0.334411
7,DHMC_0076,papillary,oncocytoma,0.112519,0.002407,0.508291,0.376783
8,DHMC_0043,chromophobe,clearcell,0.013056,0.847175,0.065492,0.074278
8,DHMC_0044,chromophobe,oncocytoma,0.074382,0.02626,0.6392,0.260159
8,DHMC_0045,chromophobe,clearcell,0.011627,0.817075,0.071231,0.100067
8,DHMC_0046,chromophobe,oncocytoma,0.061739,0.004296,0.647676,0.28629
8,DHMC_0047,chromophobe,oncocytoma,0.052394,0.116807,0.574055,0.256744
8,DHMC_0052,clearcell,oncocytoma,0.033722,0.021082,0.707343,0.237854
8,DHMC_0053,clearcell,clearcell,0.000566,0.989492,0.00282,0.007122
8,DHMC_0054,clearcell,clearcell,0.00164,0.973014,0.008314,0.017032
8,DHMC_0055,clearcell,oncocytoma,0.039553,0.0482,0.489231,0.423016
8,DHMC_0056,clearcell,clearcell,0.004738,0.941762,0.022917,0.030583
8,DHMC_0024,oncocytoma,oncocytoma,0.055492,0.113823,0.570369,0.260316
8,DHMC_0025,oncocytoma,oncocytoma,0.057302,0.240911,0.429818,0.271969
8,DHMC_0026,oncocytoma,oncocytoma,0.0549,0.284094,0.407545,0.253462
8,DHMC_0027,oncocytoma,oncocytoma,0.016664,0.00338,0.831172,0.148784
8,DHMC_0028,oncocytoma,oncocytoma,0.07581,0.124912,0.539202,0.260076
8,DHMC_0072,papillary,oncocytoma,0.058407,0.154908,0.425304,0.361381
8,DHMC_0073,papillary,oncocytoma,0.050597,0.181791,0.405883,0.36173
8,DHMC_0074,papillary,oncocytoma,0.131061,0.007659,0.596955,0.264325
8,DHMC_0075,papillary,oncocytoma,0.072182,0.151019,0.440843,0.335956
8,DHMC_0076,papillary,oncocytoma,0.096316,0.000634,0.545903,0.357147
9,DHMC_0043,chromophobe,clearcell,0.011456,0.861577,0.058421,0.068546
9,DHMC_0044,chromophobe,oncocytoma,0.072565,0.038848,0.623184,0.265404
9,DHMC_0045,chromophobe,clearcell,0.010476,0.847381,0.057848,0.084294
9,DHMC_0046,chromophobe,oncocytoma,0.06505,0.016139,0.603489,0.315322
9,DHMC_0047,chromophobe,oncocytoma,0.05175,0.148246,0.536034,0.26397
9,DHMC_0052,clearcell,oncocytoma,0.025637,0.0017,0.803422,0.169241
9,DHMC_0053,clearcell,clearcell,0.001386,0.973392,0.008095,0.017126
9,DHMC_0054,clearcell,clearcell,0.002061,0.966495,0.010845,0.0206
9,DHMC_0055,clearcell,papillary,0.038722,0.147742,0.377605,0.435932
9,DHMC_0056,clearcell,clearcell,0.003535,0.956998,0.016523,0.022944
9,DHMC_0024,oncocytoma,oncocytoma,0.055241,0.095204,0.587839,0.261717
9,DHMC_0025,oncocytoma,oncocytoma,0.055992,0.070769,0.593886,0.279354
9,DHMC_0026,oncocytoma,oncocytoma,0.058897,0.207575,0.459995,0.273533
9,DHMC_0027,oncocytoma,oncocytoma,0.020433,0.009586,0.792174,0.177807
9,DHMC_0028,oncocytoma,oncocytoma,0.075023,0.144838,0.520621,0.259518
9,DHMC_0072,papillary,oncocytoma,0.052924,0.197619,0.386177,0.36328
9,DHMC_0073,papillary,oncocytoma,0.050247,0.23168,0.409446,0.308627
9,DHMC_0074,papillary,oncocytoma,0.136608,0.012525,0.576624,0.274243
9,DHMC_0075,papillary,oncocytoma,0.080093,0.065122,0.511652,0.343133
9,DHMC_0076,papillary,oncocytoma,0.100305,0.001145,0.526716,0.371834
10,DHMC_0043,chromophobe,clearcell,0.011637,0.864727,0.056458,0.067177
10,DHMC_0044,chromophobe,oncocytoma,0.072195,0.023889,0.644454,0.259462
10,DHMC_0045,chromophobe,clearcell,0.009002,0.869637,0.048855,0.072506
10,DHMC_0046,chromophobe,oncocytoma,0.064134,0.006734,0.645384,0.283748
10,DHMC_0047,chromophobe,oncocytoma,0.04976,0.128091,0.56293,0.259219
10,DHMC_0052,clearcell,oncocytoma,0.029962,0.006517,0.777364,0.186157
10,DHMC_0053,clearcell,clearcell,0.000967,0.978581,0.005985,0.014467
10,DHMC_0054,clearcell,clearcell,0.001856,0.970695,0.00922,0.018229
10,DHMC_0055,clearcell,oncocytoma,0.041628,0.092603,0.436205,0.429564
10,DHMC_0056,clearcell,clearcell,0.00391,0.953556,0.017807,0.024727
10,DHMC_0024,oncocytoma,oncocytoma,0.057267,0.140914,0.541902,0.259917
10,DHMC_0025,oncocytoma,oncocytoma,0.056248,0.087278,0.554852,0.301622
10,DHMC_0026,oncocytoma,oncocytoma,0.06042,0.177079,0.473396,0.289104
10,DHMC_0027,oncocytoma,oncocytoma,0.025802,0.023229,0.757292,0.193677
10,DHMC_0028,oncocytoma,oncocytoma,0.07571,0.128324,0.534404,0.261563
10,DHMC_0072,papillary,clearcell,0.031133,0.558924,0.189825,0.220118
10,DHMC_0073,papillary,oncocytoma,0.04792,0.237499,0.39136,0.32322
10,DHMC_0074,papillary,oncocytoma,0.133194,0.01104,0.586064,0.269702
10,DHMC_0075,papillary,oncocytoma,0.071862,0.166115,0.445557,0.316467
10,DHMC_0076,papillary,oncocytoma,0.100547,0.003121,0.501964,0.394368
